505012023004
517072023001
503012023002
512072023003
523012023008
519012023006
505102023013
512122022001
520092023002
502102023002
523052019003
514092023001
505092022001
525092023001
506102023009
505102023011
508052023003
517032023014
515042021003
506102023006
529122021005
522122020007
511072023001
502062023001
506112013012
514032023002
506072023001
517012023001
528092023001
531082022001
501072023001
506102023008
502102023003
502102023004
504122020004
529052023002
502102023001
530062023008
514032019003
503072023004
506102023005
530062023006
530062023003
506072023003
504072023004
506072023006
504042023008
523012019001
505072023002
517072018001
503052023002
